00110101010011100101001110011101000110100001110000111001001010100010010010101011000010110001110011111100000010101000011100101011
10110110110111100001111101101011101010111010001011111110010101110111111100111010101000000000111001000110001010001100100110100100
10101011100001100001001000110001100011101100011000011100011101111010110010111010101000000100000101001110000010001010100001101101
01100100010001011001111001111000000010011111001100101010101111011111110001010011101010110001010101111100110010001011000111001100
00010010100110100110100001011010001000101011101110101100100101111101010000000110001011100000001110001111100101100000101101100000
01111100010000000111001011011011001101100001100101001111000000101000111111001011000101000001111000111010110111000111100001000101
01001101010111000110011111100110100000110011101001001000110100111101111001010010110001000100111101000010011100000101000101011110
01001010010000011011010110101111111010110110111101100110100010010101100001111011010010000100110000000111001011111010101100011011
10010000010111010010101111111100000101000001000101111000000001001000010010001001100110001001010101001101100100001000010010000111
10110100010000001111011101000100011010111111111111110110001000011100001110000001101011111111001010100101001001000111110101000011
01010000100101010100011101100100110000110001111010010101010111110111000000100110111001100000001010011010000100011010000010110010
01011010111111010111010110010101001000001100110011110101000001111101000110010011001000101111010111011000011100000111110100011111
10110010100101001101100111101001000110101011000001111001000111010111111000000010010111111011000001100101000010000101001000100111
01111010000011100101011001110010100101001101010111010000011100100111010001110001010001011000011010001110000110000000110011000101
11100011010100001000000010001101011100001111101011011110101001001011100101110110010100110100011110000010110000110011100011100010
01001001011100101110010000101000111001000011111111000101101001000100111100011111010100100010101101111001001000010001111111001111
00110111011010011001101111101100111001010111101100011010111111000100011101010101001100100001001101110001000011011100110001100001
01000000101011101101000111000100000111001011111011011110101100000111001111100011110011101010010001110110101101011010000000100010
11100001111100000010001111101011010100001011100000010100111110110010110010011011000101011000111100011111101111001111101110001010
11001101100010001010110100001011110000001000100010110110001001100010110001110011010010101011000101100010010011000010000001100100
10101100111111010101011100001101100010000101100110100100100100100000101100000111110100011100010000010111101001001001101011111000
11110010110110101011001100001011001100000101100101011100000101011001111111001111101110000101010011000011000101111101101011010000
11111111100100111000001000111010000100100010110010110110100100000001001010110101011101001011010100101101111100011010010111000010
01001011111000010001010000100101100000110111101011000111000000111101111100001111000000001000010110110001000010110001011100111111
00011010100001000110001110010110010011001111001011101111001111110010011000000010010101001100011011101011110101001110001111101101
11011111100101111101111100101100100110111111001100111011111010100101010011100001110100001110010000010101111101110011101001001101
11001100000101011110100011001001100000101010110100010000110110100101101000011000101010110101010110100000000100110111111100000101
11110011010101100100001111001100000011000001010101000011110010010101010001010010101110001111111100110100001111110111011100011110
10011000001011110101100100000011100100111111110000101010001110011000011110000010001110110100111111011001001011000111000101110100
11010000111110100000100101111111000001111110100001101010111001000001110100111111010110101000001000000010111010000111111100101011
11100100010010101111100111001000011100000011110011100111000100110011111100110010011001001001010010010001001011011011110000101000
00100111000000000001100100001001001011010111000000100000001011111011000101110111110111001000101011000010001110101101010101001011
10000101100011100011010111001111011000111001111001101000101010100110010111101001000010100110001111111111010010101110001101000010
11001101010110010010100010110110001000101011001001100001010111010000001001010011101011101100010001000101101001110101001010001001
00101100011100101110010010010100110010010111001101011111000001110110111111001000110010110101011010101000011000001001000100111010
11000101111001101011111001100010110101010000101101100110000100010010010011110101111011000011110010001100101111011010100010110111
10011001111011110100000101001111001111010100100010100101010001111001111100000100101100001000101001101001000111111000001010000001
00101110110000000011111100000101010000101101001101110111100101010011001010101101011100101010001001111000011001110110100101011101
11001011101010110100000100111001101111000001101111100000000000010010100001111101001011101010111111000011100100010111001011110010
01010110011110001000000110111100100110010111110101001101101101101111101011010001000101100010000000000001100110101110011100011001
11010001101001000010110011011001101011100000111111011111001011111010110011111010100110111110010000100001001011001001001110111010
11011000101011011100010101011101011010101111101000100000100001101111111100101001011001001110111111000100110001111000010110010010
01110110111111011110101011111111001101001101111011000100111011110101111011110110100100010111101111110011011110011100010011110100
01101001010111100110111000111000000001001100011100101010101101111101111101110001011100101101101011111100011101111111101101100100
00101110101011000010001110110110001011010111100111100011001111100011001010100110100101011011101011100110001000101011010110101101
11011001000000011110100000100010011100101011011000100110101001111010110100101111101110111010001111101100101001001011110110110100
01111100100110001011011111011110111011100010111000100101000001010001011111100101000111111010110010100000011110101111101000110101
00111101001101111011110100111101100110100100010101001001011010101011101101011001010110111101010111110010111011110001100100001010
11000001010100110100000001111110010000001101011100001001111100110110011111110001011000010111000001100011111011100110100001110001
10100111010110100000100100010011110000000101000110111100100100111101000101110110111110000001101100001000100001010110011111110101
00011101010000111010101111011001010111101101001100000111101001100001011011101101001010001000011110000010011001100010100001011001
11010101110001000100111110100111001011111111111000000000110000001010110001100101011110100110001001110110001101001001101111000001
00110101100011001010110001100001110010000001010010101110011101100110100100001101000011100110101001010100000111010100110111110100
10001111000010001001110000000111011100111101011110000100000100000001000000000111001111011010001111111111101001100001010111101100
11111110001011001100110110100101110000101100011101111100100111011101100001011011101010100101101010011110110010011110011000010111
01010001010100110011011101100111111110110001000011001100010101100100101011111001110110000000010111110010110111000100100111110101
01111011111000000110011010011011010100010101111011010011011010001100011110111000110111100001111111001101010101011101011010101110
01111110110000110110010101111111010000110010110100001011111001011111110101100001100001010000100001000000010110011011110011100101
01110011101101111111011001111111100000001000000100001001110000101111001100101110110101010010111011001011010111110001010000100111
10110110000111101100111110111011111111001011000101100110111000011100010111111110000101000001010010001010110101110000101011101011
10100101100011111000101110111111001010011011010001001010111111110101101100010110111011110110000010001001000000111000100111000110
10001100011001110010110000010010101111011011001000101000101100011101010010000100101011111000101100000001011000011110000010011010
01101011000001001111010101000001101000100001100101101000011011110011111100101000110111001010100110110100111000001111110011101111
01011000101100111010001001010101011111000100001010100000011011111000000000000011010111100010100101100110001011000010110110100110
11101101110011010010111011111001010111111111011101011001001000111001101111010011001110000000011110001110110011000100110001100000
11110000110000100011110100100110100111011111011110001011011011110011101110111000011011110110011001001001010110011010001100010101
00101001011011101100110111011101001100110001011101100000111011110101101101001101100011100011111011111111011110010010101101100000
10000101010011111101111100011011101010000110110111110000001000100010010011010011110100110011000011010101100011001100101001100010
11010101000011010001111100000000101010000001100110001000010100000100100111111010000011000010011111101001000010011100100111100011
11000011110101010101010101101001010011010110101100001111001000110111000010110101000011010010000101010100101111001011000000101111
10111101110110010010010111010011101010000001000010000010000000001000101010001110111100111101100110110001111001110100111110011001
11111100001100111101001110101000000001010100101100010001100001101000000100101111100110100000101101110111000011101000101101101011
10101010110010111001110010001110000100010010011001001110101000111110111110001111000000101101010100011000101001110111010011110000
00001100100011110111000010100100000001110110111111010001101100010100110000011001110001110000011110001011010011000110110101010111
11111111011001101011111101110110011001000011011101100000111101110111111001001111111101110111011101110010101100001101100001001101
01110100101101011001101111001100101000110100011000110100010011110011011011010000111001100000011001111111101011001000101011001111
11101110010101010001000100010111000111110010101011101100010010010010111100110100111000110101001001010011000011100100000001000101
01010110111011100010100010100100011000101100111001000101110101111100001010111011111000010101011001100110111010010011111110110110
10011011100100111010010100101110010010011100010100010001010001111101010001110111011011101010111010100000110100100000111011111111
01000010000100000000001111001011111100011111110111101100100100010110001001111110000011000001010110000100111011000100111100100001
01011010110100100110000001000111110010000011000000110010111011111101000110011111011111101010010010101001011001011110110011100000
10011110011111000000001111100001001111000001001001010100011101000001001000110001000110111000000101111010101000010001100010011100
01110101111111101001110010111101111100000110101011001101100111101010010000101000010000000101110111001011001100000101110000110101
01011011010101101001011011111010101110100010111011110000111001010001101110010000111101111011100011110010000110110011100101111111
10011101101010101100010011011001011001000101100010001100000110111001001000010111111110110111011110110011010111101100001100100100
00101010101001100110101000110111101011001000011011101100010110111100000100010011001011001111101001110110110110000011100010100000
00000110010100101000100101011101011010011100001100100100001100011100101001001110011001111001010000101110000101001011010110100011
10010110101100010110110111000110001111001001010011100001111111100011010101000001001001000001011001010001101011011001100100000110
11001001101011011110100011110011011001000111111001001001101000100000110000010101000011100110110001111110110011110000100000010101
10110010010110001001111001011010100011000010101110001000001111111101010000001101100111101111010101101100111111010100000001100011
00101000111000111101000101000010000101100010100111111110110100100011010001000001011010010001001100111011010010101011111011100011
11001110101100000010010010101111110101101010110100111000000011111100001011101010010110001011000100011001110110011010101010001001
01100111111000000101100000011001000110011010100110101111111001101011101111000010111011110000010101000010011001101000110101010010
01110001011100110100101000010101100111110101101010100000100010000110100011011011000100100001011001011101010100100011000010001000
01011110010100110101010101111111101011110110100110101100010010010001010001010100000110011101110101010011011110111110110101101101
10010000010101111011010000000000001110111110110000111001000101011011011100001001011001111010010011001001001101110011111010000101
00011001011000110111011111111100000101111010001101001110111011011110100001110000001100010111111111011001111110001100101101100000
10111101001011000100101011001110001010011000001110101001001111000000111000011011100011010111110000001011110100011111001101001111
01001001010110111101001101011010010111100100100010000101110100011011101011001101110011000000101110111011000110111010101111011110
00111000010101010000111001011111001000000010000010000011011100000001110000100011110001110101110001011101000110101001011110101111
10110100101111011010110110011001010011101111100110001010000101011000111011000101111100110010000000011101111011000010010000110001
00101001101010110110011010011100100111110010001011100011110100011011010110010100010100111100010110111001111000010010110010011100
00100110010111000110010001100110010101111010000111101100111100100110110010011011111111101110111100100010000011110010000011011110
00101001011110101010010011100100000001010111101011000100100000111110000111001011111100010110111100010000010100100111001111010010
11100000011110100001110110101111111101110100000111110011010101111101001101111101101010101000000000011010111101100101100001001011
11011111101001000000011010111101011011111000001000110100011000100111101111100101100011001011010110111101110001111010101010001000
11000111110111101110101000000000111010010111001101010110000001101110001010110100101001000001111000001001000110110111011011010101
01100111100001101101011101010011001101000001000110110010111010001001011010111001111011001100100110000110100000111011010111011000
11001110110100010010111101100000101011001100111010011000101100101101011010101000010110000100101111110101011001000011010000110111
11111111000111111000101011101101011000010100101100100001010010110100001101100001000101010101000100111010011011100100011110010101
10001111101010001010011101101001000110010000101000100100000110001000111010011011011001010111110011000110111111111010010101000111
10010010100100101101111010110110001001001101110011000000001011111000010000001110000110001111001101000001100101000101010001101111
10001011001100100101000111111101100101110000000011111111001111101101100111101010010111111010100101110000100101110001101111101010
00101101000011110111110100010111111100110000011100001000001001100010110011101101100111100111000110110110000011000111010000110011
01010001101011100011110000100110011011101000110010001111011011011101000101010101101010111101110011111101111101110100101011111000
11000000110101110011100101110111001110001100111110000000010001101011100110101101100101001011100010011110010111101001101011101111
01101100110001111111011110001010001111110100001100100010001000001111111000111010001101001110101011111010011001001010111111011100
10001111001001011010000010110000111001001011001100000011101110001111010011111000101111110010111100010000110111010000111111110101
00111100101011110111011111011001100110001011010101100010100000011111010001101111101000100001100010111100011011110110001001111101
11111101101010100100111111011011110101101101001111101000100100001001011111011010000110100100111011011001010001011101000000110111
01110110101110101100101011010101000000110010010110111110011011101101010111000011011010110001001000010000001000110001111000000100
01011101011011100001100011101110000011100100100001101110000110010001111100010011110010100100110100110100111010110101110110100001
00101101101110100010101110110001101011111001100100110010001010110101000111101100011110000111111111100111110000110111101000100010
01110101100010010001110111011011000111011001000111000001100000101000011001000111111010001100100011111010110001011011101001001101
11000101010011010101010111000010110000011000010000101011110000111110111111111011110111110001101111110111110111000010101111100000
00111100100111111011101010101110101001000100001111100110110000011111011011011001001011100001110101000101111110001110111110111110
01101011000111001000011010011001010010000011001110111010101000010100001111110111110100001100010100000011010110110111001101000110
10001110010111001101101111101011011011001101000110101111001000101011011001001001100100000101001010101101110101100000110000101100
00001111101000000100010000110101000100011100000101100011000110110001100001010010110001101101100111011010110010101010100101000001
01100011000111101011100100111000110110110010100110001001111010010000011110000011100001011101101100011011001110001100110101101110
00001100111000000001110101001011001001011000011111111011011000000010111000100111101111000001111010100110000001001100111010010001
11011011001101010001000010000000011110110110100100110111110100010010000011110011011011001100011111000000001010110111110101010011
10010000100011110111011001011100001101001101100100111100111010001101110100010010110101011111001010111101100111111000101001101100
10100000111011011010000001001000110011101010111000010101111011010011101111010010111010110111000011100100010101011101100111011101
11011110110100011110100011101111101111101110111111010101101011001011101110000111001010010010111101010011010111001001111101011110
10011010001111100001101011100001001110001100011111110000110111101000111011110000010110010101111000111100100011001110110101001100
01101100111111001111110101111100011110110100111011101001010001100001010111101001001100110110000011110010000011111000100101010111
01010000011110011010101101011110011111101101000001011010101010011101101100011011110100101000000010101011100001111001111011000001
10010011101110001011110110010010011100111001010010011001101100101001000101110010001011100011100000111101111101111001001101110110
10110101101111111111001000101001111110001111000011001110001100010010011111110110011111101000011000010100001110010110101000100000
00010101000001101010111100000101010100111111011100011101101100110100101100010111110110010010110001010110110110010110011000000011
11110110101010110110100011001110010000100000101001100111110100101011000101011011101100100001101101011001001001010100011000111001
11101000100100111010011000000010010000000011110010110100100010110101100011010101111010100010000110101111100111011000001111110011
10101101000010010010010010010000101111011110010110010111110111110101100000111001110100100101110000110010011111111101110111101010
10100011001011000001110111011110100011010011010111001110000001101100011011001111001010111000011000011011010111011110100000010111
11010101010111000100010111100101111101010000010111011000101001100010010010111101011101111110001001101010000110111000100001001101
01110001101100110100100011100100001100101011001110100011111100011000100110010011100001011111100100110011100000111101001101110000
01111011101011011110010110101101001100111101000101100010010110010110111100110111100001011010011001001011101010111010000011100011
