0011010101001110010100111001110100011010000111000011100100101010001001001010101100001011000111001111110000001010100001110010101110110110110111100001111101101011101010111010001011111110010101110111111100111010101000000000111001000110001010001100100110100100
1010101110000110000100100011000110001110110001100001110001110111101011001011101010100000010000010100111000001000101010000110110101100100010001011001111001111000000010011111001100101010101111011111110001010011101010110001010101111100110010001011000111001100
0001001010011010011010000101101000100010101110111010110010010111110101000000011000101110000000111000111110010110000010110110000001111100010000000111001011011011001101100001100101001111000000101000111111001011000101000001111000111010110111000111100001000101
0100110101011100011001111110011010000011001110100100100011010011110111100101001011000100010011110100001001110000010100010101111001001010010000011011010110101111111010110110111101100110100010010101100001111011010010000100110000000111001011111010101100011011
1001000001011101001010111111110000010100000100010111100000000100100001001000100110011000100101010100110110010000100001001000011110110100010000001111011101000100011010111111111111110110001000011100001110000001101011111111001010100101001001000111110101000011
0101000010010101010001110110010011000011000111101001010101011111011100000010011011100110000000101001101000010001101000001011001001011010111111010111010110010101001000001100110011110101000001111101000110010011001000101111010111011000011100000111110100011111
1011001010010100110110011110100100011010101100000111100100011101011111100000001001011111101100000110010100001000010100100010011101111010000011100101011001110010100101001101010111010000011100100111010001110001010001011000011010001110000110000000110011000101
1110001101010000100000001000110101110000111110101101111010100100101110010111011001010011010001111000001011000011001110001110001001001001011100101110010000101000111001000011111111000101101001000100111100011111010100100010101101111001001000010001111111001111
0011011101101001100110111110110011100101011110110001101011111100010001110101010100110010000100110111000100001101110011000110000101000000101011101101000111000100000111001011111011011110101100000111001111100011110011101010010001110110101101011010000000100010
1110000111110000001000111110101101010000101110000001010011111011001011001001101100010101100011110001111110111100111110111000101011001101100010001010110100001011110000001000100010110110001001100010110001110011010010101011000101100010010011000010000001100100
1010110011111101010101110000110110001000010110011010010010010010000010110000011111010001110001000001011110100100100110101111100011110010110110101011001100001011001100000101100101011100000101011001111111001111101110000101010011000011000101111101101011010000
1111111110010011100000100011101000010010001011001011011010010000000100101011010101110100101101010010110111110001101001011100001001001011111000010001010000100101100000110111101011000111000000111101111100001111000000001000010110110001000010110001011100111111
0001101010000100011000111001011001001100111100101110111100111111001001100000001001010100110001101110101111010100111000111110110111011111100101111101111100101100100110111111001100111011111010100101010011100001110100001110010000010101111101110011101001001101
1100110000010101111010001100100110000010101011010001000011011010010110100001100010101011010101011010000000010011011111110000010111110011010101100100001111001100000011000001010101000011110010010101010001010010101110001111111100110100001111110111011100011110
1001100000101111010110010000001110010011111111000010101000111001100001111000001000111011010011111101100100101100011100010111010011010000111110100000100101111111000001111110100001101010111001000001110100111111010110101000001000000010111010000111111100101011
1110010001001010111110011100100001110000001111001110011100010011001111110011001001100100100101001001000100101101101111000010100000100111000000000001100100001001001011010111000000100000001011111011000101110111110111001000101011000010001110101101010101001011
1000010110001110001101011100111101100011100111100110100010101010011001011110100100001010011000111111111101001010111000110100001011001101010110010010100010110110001000101011001001100001010111010000001001010011101011101100010001000101101001110101001010001001
0010110001110010111001001001010011001001011100110101111100000111011011111100100011001011010101101010100001100000100100010011101011000101111001101011111001100010110101010000101101100110000100010010010011110101111011000011110010001100101111011010100010110111
1001100111101111010000010100111100111101010010001010010101000111100111110000010010110000100010100110100100011111100000101000000100101110110000000011111100000101010000101101001101110111100101010011001010101101011100101010001001111000011001110110100101011101
1100101110101011010000010011100110111100000110111110000000000001001010000111110100101110101011111100001110010001011100101111001001010110011110001000000110111100100110010111110101001101101101101111101011010001000101100010000000000001100110101110011100011001
1101000110100100001011001101100110101110000011111101111100101111101011001111101010011011111001000010000100101100100100111011101011011000101011011100010101011101011010101111101000100000100001101111111100101001011001001110111111000100110001111000010110010010
0111011011111101111010101111111100110100110111101100010011101111010111101111011010010001011110111111001101111001110001001111010001101001010111100110111000111000000001001100011100101010101101111101111101110001011100101101101011111100011101111111101101100100
0010111010101100001000111011011000101101011110011110001100111110001100101010011010010101101110101110011000100010101101011010110111011001000000011110100000100010011100101011011000100110101001111010110100101111101110111010001111101100101001001011110110110100
0111110010011000101101111101111011101110001011100010010100000101000101111110010100011111101011001010000001111010111110100011010100111101001101111011110100111101100110100100010101001001011010101011101101011001010110111101010111110010111011110001100100001010
1100000101010011010000000111111001000000110101110000100111110011011001111111000101100001011100000110001111101110011010000111000110100111010110100000100100010011110000000101000110111100100100111101000101110110111110000001101100001000100001010110011111110101
0001110101000011101010111101100101011110110100110000011110100110000101101110110100101000100001111000001001100110001010000101100111010101110001000100111110100111001011111111111000000000110000001010110001100101011110100110001001110110001101001001101111000001
0011010110001100101011000110000111001000000101001010111001110110011010010000110100001110011010100101010000011101010011011111010010001111000010001001110000000111011100111101011110000100000100000001000000000111001111011010001111111111101001100001010111101100
1111111000101100110011011010010111000010110001110111110010011101110110000101101110101010010110101001111011001001111001100001011101010001010100110011011101100111111110110001000011001100010101100100101011111001110110000000010111110010110111000100100111110101
0111101111100000011001101001101101010001010111101101001101101000110001111011100011011110000111111100110101010101110101101010111001111110110000110110010101111111010000110010110100001011111001011111110101100001100001010000100001000000010110011011110011100101
0111001110110111111101100111111110000000100000010000100111000010111100110010111011010101001011101100101101011111000101000010011110110110000111101100111110111011111111001011000101100110111000011100010111111110000101000001010010001010110101110000101011101011
1010010110001111100010111011111100101001101101000100101011111111010110110001011011101111011000001000100100000011100010011100011010001100011001110010110000010010101111011011001000101000101100011101010010000100101011111000101100000001011000011110000010011010
0110101100000100111101010100000110100010000110010110100001101111001111110010100011011100101010011011010011100000111111001110111101011000101100111010001001010101011111000100001010100000011011111000000000000011010111100010100101100110001011000010110110100110
1110110111001101001011101111100101011111111101110101100100100011100110111101001100111000000001111000111011001100010011000110000011110000110000100011110100100110100111011111011110001011011011110011101110111000011011110110011001001001010110011010001100010101
0010100101101110110011011101110100110011000101110110000011101111010110110100110110001110001111101111111101111001001010110110000010000101010011111101111100011011101010000110110111110000001000100010010011010011110100110011000011010101100011001100101001100010
1101010100001101000111110000000010101000000110011000100001010000010010011111101000001100001001111110100100001001110010011110001111000011110101010101010101101001010011010110101100001111001000110111000010110101000011010010000101010100101111001011000000101111
1011110111011001001001011101001110101000000100001000001000000000100010101000111011110011110110011011000111100111010011111001100111111100001100111101001110101000000001010100101100010001100001101000000100101111100110100000101101110111000011101000101101101011
1010101011001011100111001000111000010001001001100100111010100011111011111000111100000010110101010001100010100111011101001111000000001100100011110111000010100100000001110110111111010001101100010100110000011001110001110000011110001011010011000110110101010111
1111111101100110101111110111011001100100001101110110000011110111011111100100111111110111011101110111001010110000110110000100110101110100101101011001101111001100101000110100011000110100010011110011011011010000111001100000011001111111101011001000101011001111
1110111001010101000100010001011100011111001010101110110001001001001011110011010011100011010100100101001100001110010000000100010101010110111011100010100010100100011000101100111001000101110101111100001010111011111000010101011001100110111010010011111110110110
1001101110010011101001010010111001001001110001010001000101000111110101000111011101101110101011101010000011010010000011101111111101000010000100000000001111001011111100011111110111101100100100010110001001111110000011000001010110000100111011000100111100100001
0101101011010010011000000100011111001000001100000011001011101111110100011001111101111110101001001010100101100101111011001110000010011110011111000000001111100001001111000001001001010100011101000001001000110001000110111000000101111010101000010001100010011100
0111010111111110100111001011110111110000011010101100110110011110101001000010100001000000010111011100101100110000010111000011010101011011010101101001011011111010101110100010111011110000111001010001101110010000111101111011100011110010000110110011100101111111
1001110110101010110001001101100101100100010110001000110000011011100100100001011111111011011101111011001101011110110000110010010000101010101001100110101000110111101011001000011011101100010110111100000100010011001011001111101001110110110110000011100010100000
0000011001010010100010010101110101101001110000110010010000110001110010100100111001100111100101000010111000010100101101011010001110010110101100010110110111000110001111001001010011100001111111100011010101000001001001000001011001010001101011011001100100000110
1100100110101101111010001111001101100100011111100100100110100010000011000001010100001110011011000111111011001111000010000001010110110010010110001001111001011010100011000010101110001000001111111101010000001101100111101111010101101100111111010100000001100011
0010100011100011110100010100001000010110001010011111111011010010001101000100000101101001000100110011101101001010101111101110001111001110101100000010010010101111110101101010110100111000000011111100001011101010010110001011000100011001110110011010101010001001
0110011111100000010110000001100100011001101010011010111111100110101110111100001011101111000001010100001001100110100011010101001001110001011100110100101000010101100111110101101010100000100010000110100011011011000100100001011001011101010100100011000010001000
0101111001010011010101010111111110101111011010011010110001001001000101000101010000011001110111010101001101111011111011010110110110010000010101111011010000000000001110111110110000111001000101011011011100001001011001111010010011001001001101110011111010000101
0001100101100011011101111111110000010111101000110100111011101101111010000111000000110001011111111101100111111000110010110110000010111101001011000100101011001110001010011000001110101001001111000000111000011011100011010111110000001011110100011111001101001111
0100100101011011110100110101101001011110010010001000010111010001101110101100110111001100000010111011101100011011101010111101111000111000010101010000111001011111001000000010000010000011011100000001110000100011110001110101110001011101000110101001011110101111
1011010010111101101011011001100101001110111110011000101000010101100011101100010111110011001000000001110111101100001001000011000100101001101010110110011010011100100111110010001011100011110100011011010110010100010100111100010110111001111000010010110010011100
0010011001011100011001000110011001010111101000011110110011110010011011001001101111111110111011110010001000001111001000001101111000101001011110101010010011100100000001010111101011000100100000111110000111001011111100010110111100010000010100100111001111010010
1110000001111010000111011010111111110111010000011111001101010111110100110111110110101010100000000001101011110110010110000100101111011111101001000000011010111101011011111000001000110100011000100111101111100101100011001011010110111101110001111010101010001000
1100011111011110111010100000000011101001011100110101011000000110111000101011010010100100000111100000100100011011011101101101010101100111100001101101011101010011001101000001000110110010111010001001011010111001111011001100100110000110100000111011010111011000
1100111011010001001011110110000010101100110011101001100010110010110101101010100001011000010010111111010101100100001101000011011111111111000111111000101011101101011000010100101100100001010010110100001101100001000101010101000100111010011011100100011110010101
1000111110101000101001110110100100011001000010100010010000011000100011101001101101100101011111001100011011111111101001010100011110010010100100101101111010110110001001001101110011000000001011111000010000001110000110001111001101000001100101000101010001101111
1000101100110010010100011111110110010111000000001111111100111110110110011110101001011111101010010111000010010111000110111110101000101101000011110111110100010111111100110000011100001000001001100010110011101101100111100111000110110110000011000111010000110011
0101000110101110001111000010011001101110100011001000111101101101110100010101010110101011110111001111110111110111010010101111100011000000110101110011100101110111001110001100111110000000010001101011100110101101100101001011100010011110010111101001101011101111
0110110011000111111101111000101000111111010000110010001000100000111111100011101000110100111010101111101001100100101011111101110010001111001001011010000010110000111001001011001100000011101110001111010011111000101111110010111100010000110111010000111111110101
0011110010101111011101111101100110011000101101010110001010000001111101000110111110100010000110001011110001101111011000100111110111111101101010100100111111011011110101101101001111101000100100001001011111011010000110100100111011011001010001011101000000110111
0111011010111010110010101101010100000011001001011011111001101110110101011100001101101011000100100001000000100011000111100000010001011101011011100001100011101110000011100100100001101110000110010001111100010011110010100100110100110100111010110101110110100001
0010110110111010001010111011000110101111100110010011001000101011010100011110110001111000011111111110011111000011011110100010001001110101100010010001110111011011000111011001000111000001100000101000011001000111111010001100100011111010110001011011101001001101
1100010101001101010101011100001011000001100001000010101111000011111011111111101111011111000110111111011111011100001010111110000000111100100111111011101010101110101001000100001111100110110000011111011011011001001011100001110101000101111110001110111110111110
0110101100011100100001101001100101001000001100111011101010100001010000111111011111010000110001010000001101011011011100110100011010001110010111001101101111101011011011001101000110101111001000101011011001001001100100000101001010101101110101100000110000101100
0000111110100000010001000011010100010001110000010110001100011011000110000101001011000110110110011101101011001010101010010100000100111111110100011001011100000111111010011100001001111111111011101100100100011110010100001111110001010111001100111011100011010101
0111111100101011111110111101001110000000011011111110100100000000100010011011000111100011111110000010111111011000011001011111000011010001100010101010010101011001000110010000101111000111010010100111111001000011100001011110110110011000001010111011101101100101
1001110100100110000101000000101110011100010110001111111001011000100100001011100110101010011000000001000101111011100110101010110010000101000111101010101110000110000000001111110000110010001100000100110010011011011000011101000000010010101110111001001001011011
1110101010010101011100000001110010101101100111001111111110100000101001011100010000000111001101010000000101100110010101001111101001101101010011001110010001000001001000111000101010000100011101000010101010011011011110111100100011111011111111101011001011000110
0110000110001101001110110010000000100110010011011011001011010011011110110011000100010111100010111011100111010001101101011100011100001000011010101011001000011000110011101100001110111011100111000101011101101111001000101101111001110001100110101011010111100010
1000011001100111101100110110010111001101011011000100111011011101111101001000100111000111011110000111101010101010001001101011010111111111001011001010100100101011101011001111010100010010100000011110110000101010010000110001100101001101110100110001100011111010
1011100001111010010100010010000000001111000110111111010000110001010111111011101010110100001001101010011100010110101010101100001111100001000111011010111101101010101111010011110010111001011110011110010100000101111111111110001001111111100100111010101010001111
0101111110100001011100110011000101100100011110100011110000011100001110111011100100111111010110111101111010010010111010101110010110110110100110000101000100011110111110000010001111101011101011000111101010110011110100010011111100011101011101001001011111110001
1001000001110100000011000111100011010100110111100111101001001100011001111110001001010100011001001100100011100100010011000111010010010000000111100110010100011101110010010001010011101111010111010111001111001001000001001010101001101000110100111001011001100000
0100010110010000011100101001001011001110001101101100000010000010001010010000100111010001011110001100110100101100110110100110110011010111100110101101000111010000111001110101100001001101010001110110001101100100111111000101011110011010101111110000110001101010
0000100111001111100101000101100000011010101100001110100000000111110010001001100001100001101101100101010000011111010111110111101011101010111100000101110101111011110011111111011011010100100101111101111110100000111111101111001101001010110000000001110000000111
0001000011101010010110001101010100111101111001001110111100110010101011011100101110010011110001101000011011101001010111100011111101010110100101000111101111010011000110000111110100101101011111001010111100011101000101101010000110011100110101110000101011010000
0101010110001011011001100011010110000110100101110000110100001010011100100111110100110111101001000010001111001100010110110100110110001100010001011011000111010001110000010010011100010111110111001100011001011101110011100010110001101101110100100111001101011110
0010110100010010011000101011000010100001001011001101001100011000001001011100001010011000111000101011001011101000101011100000111111000000110001110001101001110101101111110111010110010000000101101110000100100101100100011101011101101011011010110110110111011110
1100100001011110010001110100001010000110010001101111101011010100010011100000110111010010001011000111010111010000011010100111001000110001110101010011011110001100111011101110111010000111110010110010010011111010111110011010001010010101100101111111001111111011
1111101101110111111010111100001101110101110111110010011101111010001110101100100000001010000101011000010110110011100001101110110110001000001011011110010001011010100100100100001100111100011100100101100110101110100011011111100101000101011000011111101100100000
1100111100010101000001000101001010110110110110011011101111110100110111100000011000111110111111000101000101010101101011000110010001001011100011010110110110100011000101001111011010111111100000110011001011111011010101101100010110110001011101001000010110010110
1010011001010011011001010000001110001011000011111011100110001000011000101111101001110111100010101011101100010110101101100110010110100010111111011110011100011000000110101011100110010011000100001111010001110110000011110000111010000110101000001101101001001000
0000111011000001010110011110001010101011101100110100000011101110100011101110111101001100111101100110011111101100000000100010000000001010100011101100000001110010111001110100101011101011100000011010001110011101001110010011000110010000001010010011001101110001
0010010111100100111000110010111100011111010001110001100110100101111010100111000000101111010000000000001001101101000110101101011101010011010100010110101101011111010000110101111010001100100011011001111011111000110010001010101111001110111100110110001101010101
1110110110101110101111000001011100011010110011000100001101011011011011100110010101110100010000011110100111110000011011001100011100111100010101011001010001001011110101010011101000111011100001101100001010010111110110001010000100100111001111001010110011111001
1011010000001111000110000000011101000101101111110101111001001011010001000111110000011011010010111101100110111001111110111010000111101011111000011110011011101101011110010100110111100101000101000101000011001010101100011001110001101111010011111110010110100011
0010010011000001101100101111110110010001011001000111111000011011011111000000101000010001001000100101101100011101011100110010111111011011010110111100000011011011110001000010011010101011110110101000101110100011010110101111101001010101101100100110001010101110
1010010001000100001100110101110101011010000011100011111010001110100101100110100100011011100001000100110011111011111000001011101101011110010111000010100001100000010101100001100000111011110001000101111011110011011010111100110000111100001000010111110101100001
1110011001001100111100110100001001001101010100001110010111000000000000001000010100010011101100011001101101101101111111000000011010101110001110110000111110001011100000111111010011011111100001001111011000000101001101001001111010100111110000011010011001100001
1111100010001001101011110001101110111001101010000100011111100010111101100011001100010111010010101000111111000101101011001101100011100011001111110101010110110100011101000011011001110100111100010000001011101011001100110001010100001111011100000101101100101100
1101011100101101010011111101000110000001110011011111101001101101010110000010101100011110011111110100001010100100010011101100011111101101000101110111111011010011010100010100111000011000011000010100110011010011101010011001100000110100110111000001101100011111
1110011111000000001010010110101001011011000001011111111010001100000100111011101010110111111111010001111011111001001001010110101010010000011100010110000101011010101110101011110000010100001110011100101100000001001111101011011110110001001100110100101110001001
1100101111001010011010100111001101101001000001110011011010100001111100110010111010010001111001110001000010011100111011010011010111111010010000010100101010001110101101001111001001010111011011111000010110101000010100001100110000011110011000001101010110111000
0011010100000110111110110011001011001010111001110110110010111011011101111111110110010000111110100100010111010101101100100111110011011001101110001000010111010101011011000100000110001011100111000110000001000111000000101111101110000101011100011010111001001011
1010100011100111000010001011000011001111101011101001110111101011001111100010010110101100010100101110110111110011010111111100110101111011000010011000100101011101100001110100000011100001100101100010111000100101110011001001001001001101011001101000111010001010
0111110101101010111001011101111110101100101110011010111011001111010000110101001010011110001011011010100010011000010000001001100010101011001011111010011011010110100110001000000001011110100010111011010100111101011001011010010111110100110101011000001010111010
0010100111101011111011001000010100010010111110000010100011001101100010100100100001000011100000110011111000001011001010111110110111111001001101011101000111011010000001010011110111101000001101111011011011000110110110111100100011000110110001110011000110100110
1110111111100010111111101000100101100010100101010010000110111100100011000110111100111011110000110000101010101011000011010111111100101010110001010000000000010111111010011001101110011001100011011001101000101101110010011011110011110111110111111110000110100000
1100001010011010100001111001111110010001010000111001101111110010101001110101011010111001111000011001011110011010110011111010100111000001110000011110000100101110000111010110100001111010101111001100011110100100001101100010001101010100010111101000111101101110
1000111011011110001010000000111000010101011111011110001100010000011001000010110110011001000000010001000000100100000000011001010101111001011000111001010000100101100000011110111111011000110001111100001111011101001001010011100010101000000111011011111111011111
0100001010010101110110100010011100111001001100001011001010001000001111100011000010110001101011011000010111100101000000010010011110101111010000110011011110011011100110010101111111011100111011100100110100001110001110001100011011100101100011010010000100110010
0001001011000101100111100010010001010110100010011001000001010001010010010110100001011010101000000111100010001110110110000000101000000011110111100011011100011101111101110111001011110011011101111110100011001001111111111100110101001111101000101100001101100100
0100000111100101110000110001010101101011010101100001111000111001101111100111100010011001011101110101101010100001110111100011100010101100110111001111001111000000111111100000101000011111110000000100100010001011011101111100101011001010110001010011011111101100
1110101011000101111000100111111010011011011001001101101010111100101001111010110010001111001100011011100101001010100111010111010101110011010110101011101001100111011001111111011010100111001011111000001100011111110010100010001110011100001101101110110100100000
1000101010000100001100000001100010011010110000000000000010001110110100111011001001101100001100101001101001101001010001000111000001111011010111001001010110101001110001001100111000010010100100000101000110000111101010100001111111110101010011010000000101111010
0110010011011011111001010101010000101000110110110110001010111100000110010011011111000000011010010110110011000101110100010010110101010101111110111101010001110110110101101100001111101000100100110100000110100100010011011000010010011010101101000100000111000110
0010010001010110100011011100010000001101101100010110010001110010011101100010101110100110101100111000101100011100000110100110011101011101001011000011100111110101101101000001011100011000111001110010101010101101000100001010110111101100101010001000000111000100
0001001101011001001101100000110001100000011111110011000111010001100111011110000111010000011101001111010101110100000001011100101101101100111101101101100000100001011001110110100111011111011001011000001101101001111111010011100001001001111111111000110110001110
1101010101010101101010010010010100000011100010000010011100011011111010101001001010110111100101000001000001111100111101101010111010111110110000101011000100010001000011010111001111000011111111101000100101000001010011011011011101010011000011101010001111100110
0101101000111110010000000001000100111010010100111010001101000111110000101100011111110111000100010000100001101100011010101000010010111110010110110110000110101010000011111010000001001110110010110101010000110001111111011111010010011110110011010001001011111000
1110001100111000010100010101000001100011101110101100100001000101001011110011010000001001011010101000010000111001110000101101011011110101001001111110010111001000110001100001000000101101010010010110001111010011010101001000011010111101100010001110010101110100
0011100110110001100001101000111010110000100000010110111100011010010001111111010001001000011110110001110101000000000011111100100110100011100010100110010101111001100101011100100001001000101110100110010100100101100011001000010000111101001001100101010111110101
1011111010111010000000010100000110111011001001100010111000110011011001111011110111011101001001111010110011001011001000000110111111011001100010001000011101000000010100010101110101011000010000000011000011010110111010000011101101101011001000001110000011011111
1100111110100101110001011101100010110000110010011000111011101010111010111111010111000001010000011011010101100000010110001110100011100111000101111111111100011101100100111101011011111010000000100110110100001000011101000000110011001010001001111010011101010110
1111010011111011111101000011101110001001000100000011010000100111111000111100010110100110100110111010010000100010100100000110000110100100111100101001000000101010011111001100010101010011110101100011001010101111001111101111000001110110101111101001100001001110
1011000010011111001001011111011000110001001101111111011001010110000000000001001010110101100100010011110101000011110000000011010100101100010011110101111110000000010110010110011100100100101101110000111010110010101010100110011000010111010110100111011100011101
0010011100110101110110111111010001101000001111110000000110001110011110111010000001100000110011110001110110010100100010100100100001101111111010100101111100011010111101000100010010100011011101100111110101001111011000100011010110001010110101001000111001010110
0000111001100011001000011101111100000010000101111001111010001010111110000011011101110110000011010111100110100111100010010011110010000111000111101001010010000111100101011000010101100111010010110011010100010101100101100110001100100100010011100001101100110000
0001010100101011010100000101001011000100101100001001011001010110001000011011100110110100100000101100100111001001101111111110111010000011101111001111111001001011000001101011100101001011011010001011100110001111011110111100011010001101001000000000010111111000
0101001101010000011100001010100111100000001110100010101000001010010001100011111001011110010100110111101011001000101101101101101000100101011011100010010111001110000101111010011001101001110111100010010000101001000110011010111011011011010010100111000001001001
0101100111110100110100100000110000100110011000110110101111011100110010100011011000110000110001000011100101010110100110100011111100111010101100111001111011000111010100000111000010011001100011111010010110000000011111111010100101101000100100000000101001100010
1011001101100110000001110001000111101111001011110110110001100000101000101110110000001000010110011000010001111000100110101101111000101011110111010000100001011010011001111010000110101100010111001010000011010111000101101101101011001111010010101100100110011100
0110101101011100111110110010010110111001010011011000101000000101101110000001110100010100010111101011000111111100100011000100001010000111111110111010010001010110111110010100101110011111101000101010011000011001100010000110101100111110001010110100001110010001
1111001010011110001001110100101000001000100100011110111011001010010100001000010100001001100101110100100100000011110110111000101111100000001011110111101111110110010110111001110010011110101001011100111101000010101111111110111000110010011110001010101001100000
0101011110101101101000011010011100110001110011000001001011101000110110010111011100101100011010100000000100010001010000111111101100000110101000011000001000001011010010110110011110011000100010011100110001001110111011000100111010100010110011111000011001001011
1110100010111100011110111110001001111100011110010101010100110100101011000011100000001011101010000110101100111011110110100011010101010001000010000100101101100111011011100011101101110010110010111110111010100110101101000101101111101100110011001001001001011010
1110011011101001100001001011001000100101111000010110011101000101100010110101000110000011111000010000111101011001001010111101100111010111110111101111011110001111000111111011111010100000110010001011001110101010011010011100010011010001001000100010011110111001
0011000101010100000001010101000100111111111000001110101111111010011010111100110100010001111100000111000001001101000001010111100110100001000000110010001110101101001101111101100111101000110110100010001010000100011010100011011100010000110111110000010100101101
0101100001101110100001001110001011100110001001010111001101110110111001001100101010110111000001011010011111111001100010101000010011101101011110111100000111001010111010001011010011111101101001010010111000001011011000001000001100001111010100111111110111100100
0011111001101011001010100101001111010000110100110011101100010101001001011110001101001101110000100111110010101101100111111000111010111111000010111110100110010110110000100010001001100100111100111110111101000101111001100011010001110000000101010111110010010111
1100011000101100100000011011001010110001011111110011010111000100001110110100111000111110110010010100011110110101011100100100011111101110101100010011101001111110000010111101011011000011110111100000000111001100110111111111011000111110110000100111011110100110
0001101100001101110001100010010111011011010100100100001010010110110000100111101010111011000100011011000110101010111011110000110111010111100001011010110110001110111101000010001100000110110010111011001101101101000000010000111001110001100011011101011110010010
1101110110111010111000001101110111100010100011110001100011100000001110100000001001000000111101010000010101001111011010101011011101101100100001100010011000011001001011011101000000011010101010101111101101010011001111100000001101101101110101011111111111110000
1000110100010000001010101100101000010110010011110000110001110111000001111000000100000001011101001001101101100111111101100000111001111101100100100010111000100001010100111010000011111010100001101100001000100000101111110110111100111011001010110000011100011010
1010111111100100000000010011111100001000000000001000111001000001110110110001100011010101011001101010111100010100011001011011011000110011000011010110101010101010000011001100001011111000000010010101010001001110101000011111110010110001010100110010110110110010
1101000011111010011011101100110000000111100011101010010011101101010001101110110101111111010000101110011100001110001101100100001110101010001010001001011010010101101100101011110011011001110101001111010011000001101010101100011000011101010011010111010100011001
0110100111111101010001101100110001011101000110101000101101010101010010111100000011000011101001101101001110111110010101101110110111000101000001110111111010000100001101010100110001101101100110000100011010111011000000010011101101001010001010001001001101110110
0010100110101000010001101101001000100101001101010011101000101100001111010101000001010011100101011011011001010011010111000011010100101001000011101010110100100110111000000110001100101100001011110000010100100011110100101100111101011110110000000101111111001101
0100000011011010101100111000010101001001001010100110011001111100111011111010010011001010001010011010101000010101110001101110101000101111110110111111110010000110100011010101000010000000000000001010001101000001110101010110100100101111111100001011101011000100
1001110000000101111100100110000011100001111111111000100001010010110111100101001101000110010000011110111000101101001101100010100000000001001011110011101111011011011001110100110100101101100110100110011011101010111111001100111100010111001011100101000111110001
0111001010011110100000101000101000111101010011011010000101100100010110000011101001111011000001000110110000011101010000110110100010010101101101100011101111010111010101011111101111101110011000100010100100001000001011010100111101111010101111111101111000000011
1010000100000101101010111000001110011000011010010101110111001011111001000101010100001110101101101111101011001111001111001011010001011110111000101110010000001101100001010111011011011001100101001100011111001100101100010111001111101111100011111100111110011111
1101011100001010011100101011001011110010000010011010010001011110101111011000101100110101101101100011010001010101100001011010000110101001001100100010000001010010111111011011110100111101001111001100010000110101111010110100010101110101110101010001001111001001
0000101010001010100101001100011010110000100111011110100111110101010010100101101010100000011110010011100110011111111011110100000001010010100011010100111010010001011001111101111000001011010011011010010011100111100111111101110001011010011110111010100000011000
